 89
 44
 46
 55
 63
 17
 83
 23
 40
 41
 98
 16
 62
 48
 17
 64
 88
 10
 60
 72
 31
 86
 56
 61
 94
 49
 43
 45
 47
 19
  3
 34
 40
 95
 35
 83
 86
 83
  1
100
 55
 89
  6
 35
 32
 95
 38
 42
 17
 68
 48
 89
 33
 44
 57
 53
 97
 52
  7
 93
 45
 47
 81
100
 78
 12
 86
 78
 48
 67
 57
 93
 98
 98
 80
 84
 75
 22
 10
  3
  7
 49
 32
 68
 61
 76
 76
 82
 67
 31
 50
 34
 47
  4
 73
 19
 75
 47
 45
 98
 83
 26
 65
 98
  3
 14
 56
  8
 79
 72
 11
 10
 58
 22
 71
 69
 89
 89
 47
 83
 95
 75
 38
 41
 52
 44
 71
 91
 93
 79
 57
 67
 40
 68
 86
 16
 78
 98
 46
 82
 90
 94
  0
 72
 97
 64
 78
 10
 16
 53
  8
 18
 83
100
 51
 18
 38
 88
  0
 64
 82
 16
 59
 60
  7
 39
100
100
 88
 31
 25
 94
 67
 26
 97
 14
 67
 20
 26
 65
  7
 18
 26
 40
 78
 48
 31
 93
 76
 44
 24
 56
 55
 63
 13
 81
 80
 83
 78
  7
100
  9
 40
 62
 70
  4
 78
 59
 72
 43
  4
  9
 52
 28
 13
 83
 23
 55
 51
 68
  4
 99
 80
 35
 66
 73
 65
 49
 71
 41
 55
 48
 50
 26
 41
 46
  5
 64
 64
 75
 90
 33
 53
 38
 99
 70
 15
 85
 69
 99
 39
 75
 46
  7
 69
 81
  2
 37
 68
 77
 23
 20
 37
 42
 28
 36
 54
 28
 72
 85
 30
 37
 65
 43
 79
 70
  1
  2
 86
  5
 78
 20
 46
 38
  9
 53
 17
 47
 23
 61
 48
 45
 78
 97
 63
 39
  2
 76
  4
 47
 93
 22
 93
 40
 44
 28
 71
 17
 76
 52
 71
 66
 17
 69
 36
  2
 26
 16
 19
 94
 84
 48
 81
 82
 70
 81
 44
 19
  0
 38
 37
 20
  6
  7
 47
 16
 82
 18
 78
 32
 33
 91
 51
 56
 79
 41
 36
 47
  7
 77
  6
 91
 85
 75
 53
 45
 98
 14
 57
 83
 82
 50
 88
 47
 15
 36
 10
  0
 10
100
 55
 69
 99
 53
 81
 76
 92
  0
 39
 87
 22
 66
 86
 63
  9
 56
 14
 94
 71
 25
  6
 12
 47
  1
 85
  7
  1
 85
 61
 15
100
 48
 26
  5
 10
 26
 10
 88
 73
 83
 85
 67
 96
 45
 14
 24
 47
 78
 58
 66
 89
 78
 14
  2
 26
 21
 15
 18
 34
 92
 77
 99
 31
 84
 31
 63
 87
 16
 12
 73
 79
  1
  4
  1
 79
 34
  1
 99
 34
 34
 19
 50
 62
 99
 41
 77
 88
 83
 61
 45
 96
 80
 21
 96
 38
 26
 98
 72
 59
  9
 66
 31
 28
 63
 29
  5
  3
 92
  7
 42
 39
 29
 10
 79
 47
 50
 26
  4
 59
 52
  5
 10
 80
 94
 59
  1
 54
 42
 65
 48
 55
 68
 79
 25
 34
 84
 44
 43
 24
  6
 28
 82
 83
 65
 39
 20
 26
 68
 12
 25
 26
 35
  1
 28
 87
 82
 28
 55
  0
 28
 87
 37
 31
 18
 48
 43
 85
 72
 70
 41
 80
 79
 11
 75
 51
 12
 10
  3
  0
 52
 59
 22
 31
 18
 27
 48
 93
 73
 65
 68
 36
 23
 53
 40
 36
 48
 54
 72
 42
 88
 60
 16
 49
 12
 83
 60
 94
 69
 56
 76
  9
 84
 59
  9
 51
 94
 92
 13
 55
 49
 80
 55
 75
  8
100
 47
 16
 71
 46
 30
 70
 33
 22
  7
 20
 95
 14
 57
 75
 56
 87
 86
 14
 98
 49
100
 93
 11
 76
 52
 66
 56
 69
  8
 32
 72
 18
 83
 84
 14
 96
 99
 93
 29
 55
 64
 10
 11
 94
 64
 52
  2
 29
 37
 64
 13
 73
 97
 56
  8
 98
 68
  2
 26
 73
 86
 64
 84
 88
 63
 58
 88
 42
 51
 99
 52
 61
 96
  3
 18
  2
 44
 64
 83
 84
  8
 63
 76
 29
 77
 41
 69
 50
 84
 15
 82
 73
 99
 51
 25
  0
  3
  4
 12
 83
 89
 11
 77
 89
 25
 31
 56
 33
 14
 87
  0
 91
 27
  7
 13
 38
 67
 38
 61
 92
 42
 68
 90
 30
 86
 56
  5
 55
  5
  2
  3
 64
 90
 43
 81
 40
 52
 67
 27
 20
 38
 52
 66
 54
 39
 45
 65
 59
 90
 54
 38
 35
  5
 20
 67
 42
 37
 43
 41
 98
 90
  9
 68
 24
 39
  1
  6
 84
 33
 42
 81
 11
 30
 25
 63
 68
 38
 42
 94
 92
 39
 12
 14
 18
 38
 11
 72
 94
 83
 88
 16
 77
 44
  3
  7
 34
 95
 67
 12
  5
 98
 22
 32
 38
 15
 37
 47
 52
 68
 70
  5
 68
 15
100
 69
 71
 83
 70
 66
 55
 23
 76
 43
 41
 85
  3
  8
 48
  9
 48
 83
 22
 92
 79
 51
 53
 74
 17
 22
 72
 21
 63
 27
 92
 24
 25
 70
 42
 19
 29
 25
 37
 12
 83
 18
 80
 60
  0
 45
 16
 23
 16
 33
  3
 39
 39
 72
 11
100
 51
 82
 68
 40
 13
  2
 61
 93
 28
 81
 21
 61
 60
 21
 13
 98
 11
 51
 62
 66
 78
 22
 98
  9
 10
 30
 72
 51
 27
 37
 91
 12
  4
 67
 56
 19
 33
 98
 41
 18
 81
 85
 83
 70
 57
  0
 97
  5
 66
  5
 97
 19
 53
 33
 52
 62
 94
 10
 57
 10
 36
 31
 49
 37
 47
 93
 40
 73
 67
 18
 38
 22
  3
 77
 92
100
 50
 36
 18
 13
 12
 53
 70
 33
 18
 27
  8
 64
 93
 72
 36
 91
 52
 74
 82
 11
 25
 54
 43
 93
 75
 83
 76
 93
 63
 72
 34
  9
 44
 61
  7
 94
 61
 29
 34
 42
 50
 86
 87
 57
 17
 18
 20
 71
 45
 37
 85
 69
 89
 47
 38
 74
 59
 76
 30
 50
